<?xml version="1.0"?>
<opencv_storage>
<classifications type_id="opencv-matrix">
  <rows>40</rows>
  <cols>1</cols>
  <dt>i</dt>
  <data>
    57 56 55 54 53 51 50 48 52 49 52 49 57 56 55 54 53 51 50 48 55 51 50
    49 57 56 54 53 52 48 55 53 52 57 56 54 51 50 49 48</data></classifications>
</opencv_storage>
