<?xml version="1.0"?>
<opencv_storage>
<images type_id="opencv-matrix">
  <rows>40</rows>
  <cols>600</cols>
  <dt>f</dt>
  <data>
    0. 0. 0. 0. 8. 17. 172. 255. 255. 255. 255. 255. 195. 17. 9. 0. 0.
    0. 0. 0. 0. 0. 13. 51. 143. 255. 255. 255. 255. 255. 255. 255. 255.
    255. 163. 51. 18. 0. 0. 0. 0. 13. 127. 255. 255. 255. 255. 255. 255.
    255. 255. 255. 255. 255. 255. 255. 145. 21. 0. 0. 0. 38. 255. 255.
    255. 255. 255. 166. 136. 136. 136. 136. 166. 255. 255. 255. 255.
    153. 18. 0. 8. 168. 255. 255. 255. 255. 155. 25. 0. 0. 0. 0. 25.
    155. 255. 255. 255. 255. 38. 0. 13. 255. 255. 255. 255. 152. 24. 0.
    0. 0. 0. 0. 0. 24. 152. 255. 255. 255. 197. 9. 223. 255. 255. 255.
    155. 15. 0. 0. 0. 0. 0. 0. 0. 0. 15. 155. 255. 255. 255. 13. 255.
    255. 255. 255. 140. 0. 0. 0. 0. 0. 0. 0. 0. 0. 0. 140. 255. 255.
    255. 13. 255. 255. 255. 166. 0. 0. 0. 0. 0. 0. 0. 0. 0. 0. 0. 140.
    255. 255. 255. 255. 255. 255. 255. 166. 0. 0. 0. 0. 0. 0. 0. 0. 0.
    0. 0. 140. 255. 255. 255. 255. 255. 255. 255. 166. 0. 0. 0. 0. 0. 0.
    0. 0. 0. 0. 0. 140. 255. 255. 255. 255. 255. 255. 255. 166. 0. 0. 0.
    0. 0. 0. 0. 0. 0. 0. 0. 140. 255. 255. 255. 255. 255. 255. 255. 225.
    93. 0. 0. 0. 0. 0. 0. 0. 0. 0. 0. 140. 255. 255. 255. 255. 61. 255.
    255. 255. 140. 0. 0. 0. 0. 0. 0. 0. 0. 0. 92. 232. 255. 255. 255.
    255. 13. 255. 255. 255. 247. 107. 0. 0. 0. 0. 0. 0. 0. 83. 245. 255.
    255. 255. 255. 255. 0. 38. 255. 255. 255. 255. 255. 76. 17. 17. 17.
    53. 255. 255. 255. 245. 249. 255. 255. 255. 0. 31. 217. 255. 255.
    255. 255. 255. 255. 255. 255. 255. 255. 255. 232. 92. 166. 255. 255.
    255. 0. 0. 42. 200. 255. 255. 255. 255. 255. 255. 255. 255. 255.
    225. 93. 0. 166. 255. 255. 255. 0. 0. 0. 48. 136. 201. 255. 255.
    255. 255. 255. 237. 136. 88. 0. 0. 166. 255. 255. 255. 0. 0. 0. 0.
    0. 56. 102. 102. 102. 102. 102. 87. 0. 0. 0. 0. 166. 255. 255. 255.
    0. 0. 0. 0. 0. 0. 0. 0. 0. 0. 0. 0. 0. 0. 0. 103. 231. 255. 255.
    255. 11. 221. 166. 0. 0. 0. 0. 0. 0. 0. 0. 0. 0. 0. 0. 140. 255.
    255. 255. 45. 255. 255. 255. 255. 140. 0. 0. 0. 0. 0. 0. 0. 0. 0.
    115. 255. 255. 255. 255. 13. 223. 255. 255. 255. 155. 15. 0. 0. 0.
    0. 0. 0. 0. 12. 133. 255. 255. 255. 226. 11. 13. 255. 255. 255. 255.
    115. 0. 0. 0. 0. 0. 0. 17. 133. 255. 255. 255. 255. 38. 0. 8. 168.
    255. 255. 255. 171. 36. 0. 0. 0. 0. 15. 140. 255. 255. 255. 255.
    178. 23. 0. 0. 38. 255. 255. 255. 255. 177. 136. 136. 136. 136. 154.
    255. 255. 255. 255. 167. 30. 0. 0. 0. 13. 127. 255. 255. 255. 255.
    255. 255. 255. 255. 255. 255. 255. 255. 162. 30. 0. 0. 0. 0. 0. 13.
    122. 255. 255. 255. 255. 255. 255. 255. 255. 255. 255. 163. 23. 0.
    0. 0. 0. 0. 0. 0. 6. 17. 148. 255. 255. 255. 255. 255. 255. 195. 17.
    9. 0. 0. 0. 0. 0. 0. 0. 0. 0. 8. 17. 172. 255. 255. 255. 255. 255.
    255. 172. 17. 8. 0. 0. 0. 0. 0. 0. 0. 18. 143. 255. 255. 255. 255.
    255. 255. 255. 255. 255. 255. 143. 18. 0. 0. 0. 0. 0. 21. 145. 255.
    255. 255. 255. 255. 255. 255. 255. 255. 255. 255. 255. 145. 21. 0.
    0. 0. 18. 153. 255. 255. 255. 255. 166. 136. 136. 136. 136. 166.
    255. 255. 255. 255. 153. 18. 0. 0. 38. 255. 255. 255. 255. 155. 25.
    0. 0. 0. 0. 25. 155. 255. 255. 255. 255. 38. 0. 9. 197. 255. 255.
    255. 152. 24. 0. 0. 0. 0. 0. 0. 24. 152. 255. 255. 255. 197. 9. 13.
    255. 255. 255. 255. 115. 0. 0. 0. 0. 0. 0. 0. 0. 15. 155. 255. 255.
    255. 13. 13. 255. 255. 255. 140. 0. 0. 0. 0. 0. 0. 0. 0. 0. 0. 140.
    255. 255. 255. 13. 13. 255. 255. 255. 255. 115. 0. 0. 0. 0. 0. 0. 0.
    0. 15. 155. 255. 255. 255. 13. 9. 197. 255. 255. 255. 152. 24. 0. 0.
    0. 0. 0. 0. 24. 152. 255. 255. 255. 197. 9. 0. 23. 178. 255. 255.
    255. 155. 25. 0. 0. 0. 0. 25. 155. 255. 255. 255. 178. 23. 0. 0. 0.
    30. 167. 255. 255. 255. 166. 136. 136. 136. 136. 166. 255. 255. 255.
    167. 30. 0. 0. 0. 0. 0. 30. 162. 255. 255. 255. 255. 255. 255. 255.
    255. 255. 255. 162. 30. 0. 0. 0. 0. 0. 0. 0. 115. 255. 255. 255.
    255. 255. 255. 255. 255. 255. 255. 115. 0. 0. 0. 0. 0. 0. 59. 238.
    245. 255. 255. 255. 255. 255. 255. 255. 255. 255. 255. 245. 238. 59.
    0. 0. 1. 53. 255. 255. 255. 255. 244. 59. 0. 0. 0. 0. 59. 244. 255.
    255. 255. 255. 53. 1. 13. 255. 255. 255. 255. 227. 71. 0. 0. 0. 0.
    0. 0. 71. 204. 232. 255. 255. 255. 13. 93. 255. 255. 255. 217. 77.
    0. 0. 0. 0. 0. 0. 0. 0. 0. 140. 255. 255. 255. 93. 255. 255. 255.
    213. 75. 0. 0. 0. 0. 0. 0. 0. 0. 0. 0. 75. 213. 255. 255. 255. 255.
    255. 255. 166. 0. 0. 0. 0. 0. 0. 0. 0. 0. 0. 0. 0. 166. 255. 255.
    255. 255. 255. 255. 166. 0. 0. 0. 0. 0. 0. 0. 0. 0. 0. 0. 0. 166.
    255. 255. 255. 255. 255. 255. 166. 0. 0. 0. 0. 0. 0. 0. 0. 0. 0. 0.
    0. 166. 255. 255. 255. 255. 255. 255. 255. 140. 0. 0. 0. 0. 0. 0. 0.
    0. 0. 0. 0. 166. 255. 255. 255. 223. 255. 255. 255. 155. 15. 0. 0.
    0. 0. 0. 0. 0. 0. 0. 140. 255. 255. 255. 255. 13. 255. 255. 255.
    255. 152. 24. 0. 0. 0. 0. 0. 0. 0. 31. 171. 255. 255. 255. 190. 8.
    168. 255. 255. 255. 255. 155. 25. 0. 0. 0. 0. 25. 102. 171. 255.
    255. 255. 255. 13. 0. 38. 255. 255. 255. 255. 255. 166. 136. 136.
    136. 136. 166. 255. 255. 255. 255. 255. 139. 6. 0. 13. 127. 255.
    255. 255. 255. 255. 255. 255. 255. 255. 255. 255. 255. 255. 255.
    127. 13. 0. 0. 0. 13. 51. 143. 255. 255. 255. 255. 255. 255. 255.
    255. 255. 255. 143. 51. 13. 0. 0. 0. 0. 0. 0. 8. 17. 172. 255. 255.
    255. 255. 255. 255. 172. 17. 8. 0. 0. 0. 0. 255. 255. 255. 255. 255.
    255. 255. 255. 255. 255. 255. 255. 255. 255. 255. 255. 255. 255.
    255. 255. 255. 255. 255. 255. 255. 255. 255. 255. 255. 255. 255.
    255. 255. 255. 255. 255. 255. 255. 255. 255. 255. 255. 255. 255.
    255. 255. 255. 255. 255. 255. 255. 255. 255. 255. 255. 255. 255.
    255. 255. 255. 106. 106. 106. 106. 106. 106. 106. 106. 106. 106.
    106. 106. 106. 106. 173. 255. 255. 255. 255. 113. 0. 0. 0. 0. 0. 0.
    0. 0. 0. 0. 0. 0. 0. 0. 115. 255. 255. 255. 92. 3. 0. 0. 0. 0. 0. 0.
    0. 0. 0. 0. 0. 0. 0. 82. 243. 255. 255. 80. 3. 0. 0. 0. 0. 0. 0. 0.
    0. 0. 0. 0. 0. 3. 80. 255. 255. 255. 241. 58. 0. 0. 0. 0. 0. 0. 0.
    0. 0. 0. 0. 0. 0. 38. 255. 255. 255. 255. 89. 0. 0. 0. 0. 0. 0. 0.
    0. 0. 0. 0. 0. 0. 5. 128. 255. 255. 255. 197. 52. 0. 0. 0. 0. 0. 0.
    0. 0. 0. 0. 0. 0. 0. 154. 255. 255. 255. 188. 48. 0. 0. 0. 0. 0. 0.
    0. 0. 0. 0. 0. 0. 0. 0. 255. 255. 255. 255. 140. 0. 0. 0. 0. 0. 0.
    0. 0. 0. 0. 0. 0. 0. 0. 222. 255. 255. 255. 173. 12. 0. 0. 0. 0. 0.
    0. 0. 0. 0. 0. 0. 0. 0. 18. 243. 255. 255. 249. 152. 0. 0. 0. 0. 0.
    0. 0. 0. 0. 0. 0. 0. 0. 0. 217. 255. 255. 255. 191. 0. 0. 0. 0. 0.
    0. 0. 0. 0. 0. 0. 0. 0. 0. 0. 217. 255. 255. 239. 112. 0. 0. 0. 0.
    0. 0. 0. 0. 0. 0. 0. 0. 0. 0. 112. 239. 255. 255. 217. 0. 0. 0. 0.
    0. 0. 0. 0. 0. 0. 0. 0. 0. 0. 0. 191. 255. 255. 255. 217. 0. 0. 0.
    0. 0. 0. 0. 0. 0. 0. 0. 0. 0. 0. 152. 249. 255. 255. 243. 18. 0. 0.
    0. 0. 0. 0. 0. 0. 0. 0. 0. 0. 0. 0. 166. 255. 255. 255. 222. 0. 0.
    0. 0. 0. 0. 0. 0. 0. 0. 0. 0. 0. 0. 0. 166. 255. 255. 255. 0. 0. 0.
    0. 0. 0. 0. 0. 0. 0. 0. 0. 0. 0. 0. 58. 203. 255. 255. 255. 0. 0. 0.
    0. 0. 0. 0. 0. 0. 0. 0. 0. 0. 0. 0. 140. 255. 255. 255. 255. 0. 0.
    0. 0. 0. 0. 0. 0. 0. 0. 0. 0. 0. 0. 0. 140. 255. 255. 255. 73. 0. 0.
    0. 0. 0. 0. 0. 0. 0. 0. 0. 0. 0. 0. 0. 140. 255. 255. 255. 13. 0. 0.
    0. 0. 0. 0. 0. 0. 0. 0. 0. 0. 0. 0. 115. 255. 255. 255. 255. 13. 0.
    0. 0. 0. 0. 0. 0. 0. 0. 0. 0. 0. 0. 0. 115. 255. 255. 255. 255. 13.
    0. 0. 0. 0. 0. 0. 0. 0. 0. 0. 0. 0. 0. 0. 115. 255. 255. 255. 255.
    13. 0. 0. 0. 0. 0. 0. 0. 0. 0. 0. 0. 0. 0. 0. 115. 255. 255. 255.
    255. 13. 0. 0. 0. 0. 0. 0. 0. 0. 0. 0. 0. 0. 0. 0. 115. 255. 255.
    255. 255. 13. 0. 0. 0. 0. 0. 0. 0. 0. 0. 0. 0. 0. 0. 0. 10. 150.
    255. 80. 21. 1. 0. 0. 0. 0. 0. 0. 0. 0. 0. 0. 0. 0. 0. 0. 0. 9. 17.
    195. 255. 255. 255. 255. 255. 255. 148. 8. 0. 0. 0. 0. 0. 0. 0. 18.
    51. 163. 255. 255. 255. 255. 255. 255. 255. 255. 255. 143. 51. 13.
